ops/sec 1000
average 7.18534
1000
7.18534
100
9.32327
166.667
9.83152
250
11.8258
333.333
10.6865
500
10.1733
500
9.88477
1000
9.6531
500
9.12526
500
8.75243
1000
8.26066
1000
9.09755
1000
7.48757
1000
7.72767
1000
7.57748
1000
6.59718
1000
6.7925
inf
6.73595
1000
7.29204
inf
6.54141
1000
6.69676
inf
7.3986
inf
6.73734
1000
7.13502
1000
7.46203
inf
7.69565
1000
7.43558
1000
7.7913
inf
7.92957
inf
7.95898
1000
8.17753
1000
8.57539
inf
8.71752
inf
8.72999
1000
9.03504
1000
9.21444
inf
9.38669
inf
9.3371
inf
9.62153
1000
11.0409
1000
10.3388
inf
10.5774
inf
10.839
1000
10.9491
1000
11.4808
inf
11.3311
inf
11.8931
1000
11.954
1000
12.1391
inf
12.533
inf
12.8357
1000
13.0412
inf
13.4941
inf
13.4788
1000
13.4477
1000
13.7467
inf
13.7867
1000
14.5258
1000
14.7882
1000
14.4333
1000
14.7942
1000
15.1203
inf
16.0567
1000
15.8126
1000
16.1271
inf
16.7371
inf
16.9278
1000
16.1692
1000
16.915
1000
17.2479
inf
17.2734
inf
18.0608
1000
17.263
inf
17.6078
1000
17.9604
inf
17.9986
inf
18.2261
1000
18.2714
inf
18.5725
1000
18.6454
inf
19.2578
inf
18.7719
1000
19.3304
1000
20.4198
inf
20.1496
1000
20.2483
1000
20.4447
1000
21.1188
inf
21.4604
1000
22.3628
1000
22.2689
1000
21.3834
1000
21.4169
1000
21.8816
1000
22.4361
1000
24.4668
1000
22.8675
1000
23.3297
inf
23.8778
inf
23.6526
inf
24.3155
1000
23.764
1000
24.3089
1000
24.2453
1000
24.5371
1000
24.055
inf
24.4328
1000
25.22
1000
26.3575
inf
26.469
inf
26.6822
inf
27.1769
1000
26.0495
1000
25.4158
1000
25.8423
inf
26.1974
1000
26.8554
1000
27.1387
1000
27.4814
1000
28.3157
inf
28.938
1000
28.4274
1000
31.2908
inf
29.5977
inf
30.214
inf
30.3937
1000
29.2164
1000
29.7537
1000
28.3413
