5.97512
6.93875
7.80076
7.3749
6.97565
6.74768
6.68777
6.64521
6.49625
6.11346
7.02252
6.25292
5.9605
6.06858
6.07279
6.32345
5.95751
6.04009
6.27926
6.51043
6.28619
6.64943
6.86511
7.13275
7.19235
7.41589
7.4677
7.45988
7.85543
8.11174
8.60249
8.36076
8.59315
9.6955
9.26065
9.33948
9.53047
9.33598
8.70829
9.20445
9.21352
9.63922
9.86616
9.93788
10.02
9.9687
10.7174
10.7174
11.4502
11.1939
11.0375
11.6941
11.1565
11.9682
12.3078
12.1103
12.1974
13.6202
12.9066
13.443
13.497
14.9946
14.3196
13.841
14.9244
15.5634
13.7465
14.2165
15.3893
15.8023
15.3636
15.0538
16.2503
15.4998
16.4023
16.9515
15.9362
16.3558
17.2152
16.8731
17.2326
17.1083
18.078
17.1932
18.0554
19.104
20.7501
18.9946
18.8404
19.8296
18.5217
19.3009
20.3779
21.9889
20.0213
19.1669
21.5096
22.5562
20.4229
21.6186
20.4739
21.297
20.9841
22.6908
22.6819
21.9513
22.8656
23.7934
22.3066
24.6026
24.746
23.1722
23.1483
24.7299
24.6698
24.0727
26.1027
25.8018
25.4035
25.537
25.9324
26.1787
26.0988
26.3868
27.5155
24.5602
25.7018
27.0956
